201310010338
201309280734
201309251642
201309241130
201309040232
201309040018
201309011152
201308301625
201308160231
201308131543
201307210509
201307151404
201307072030
201307071835
201306242204
201306131647
201305241456
201305240545
201305231719
201305140032
201304232314
201304200002
201304190306
201304162255
201304161044
201304140132
201304060442
201303102251
201303011320
201302281405
201302141313
201302092102
201302091416
201302081526
201302081112
201302071859
201302060154
201302060123
201302060112
