201310062133
201310061638
201310041726
201310020106
201310010338
201309300816
201309300556
201309292323
201309281113
201309280734
201309260646
201309251642
201309251358
201309250740
201309250651
201309241720
201309241301
201309241136
201309241130
201309240722
201309231728
201309211649
201309210139
201309202334
201309201224
201309191725
201309182053
201309181648
201309160724
201309151621
201309141542
201309111244
201309092141
201309070013
201309061133
201309060228
201309051229
201309050543
201309050401
201309040627
201309040616
201309040416
201309040232
201309040023
201309040018
201309032019
201309020430
201309020251
201309011950
201309011152
201308312352
201308310643
201308310638
201308310004
201308301629
201308301625
201308300211
201308291352
201308280254
201308251607
201308240840
201308230834
201308211238
201308210443
201308182234
201308171632
201308160531
201308160309
201308160245
201308160231
201308131543
201308121803
201308120949
201308120416
201308120053
201308112123
201308080458
201308061721
201308061646
201308061041
201308060557
201308041556
201308041322
201308040328
201308012001
201307290812
201307262133
201307260707
201307240332
201307220701
201307212345
201307210509
201307201917
201307191140
201307190220
201307170237
201307161941
201307160935
201307151404
201307151359
201307101444
201307101432
201307101425
201307091704
201307081530
201307080252
201307080213
201307072030
201307072018
201307071835
201307060505
201307041716
201307031921
201307030340
201307022005
201307021839
201307021355
201307020938
201307020737
201306282351
201306270838
201306262259
201306242204
201306240955
201306240801
201306171121
201306162139
201306161331
201306160519
201306160251
201306151734
201306151611
201306151120
201306131723
201306131647
201306131324
201306081225
201306072013
201306071638
201306071254
201306050447
201306041403
201306041100
201306022008
201306020543
201306020405
201306011732
201306011410
201305271106
201305270941
201305270336
201305260608
201305251032
201305250227
201305241456
201305241110
201305240603
201305240545
201305240347
201305240110
201305232107
201305231719
201305212302
201305211451
201305210543
201305210459
201305210424
201305210308
201305210305
201305210155
201305202301
201305200949
201305192241
201305192238
201305191844
201305181057
201305181003
201305180548
201305180405
201305170643
201305160557
201305150336
201305141918
201305140032
201305122305
201305121054
201305120730
201305120007
201305112047
201305110309
201305110208
201305101956
201305071010
201305042339
201305021940
201305010951
201305010657
201304301439
201304300625
201304291301
201304260653
201304240925
201304232314
201304220436
201304220116
201304211348
201304210322
201304201312
201304200512
201304200451
201304200342
201304200002
201304191958
201304191751
201304190306
201304182126
201304181408
201304171203
201304170857
201304170505
201304170315
201304162255
201304161044
201304161000
201304140132
201304132249
201304122033
201304111528
201304102020
201304100158
201304091152
201304061029
201304060442
201304060029
201304052231
201304051300
201304050158
201304021434
201304020208
201304011853
201303311708
201303300150
201303290501
201303280425
201303270203
201303252302
201303240813
201303240418
201303222240
201303190329
201303161639
201303130312
201303111712
201303110143
201303102251
201303101649
201303101018
201303091456
201303072055
201303070336
201303060916
201303050606
201303030325
201303011320
201303011253
201303010329
201302281807
201302281405
201302280309
201302261957
201302251514
201302250723
201302250511
201302242054
201302231431
201302231109
201302230859
201302221202
201302211950
201302202123
201302200009
201302192229
201302191227
201302181632
201302181219
201302180340
201302171923
201302171918
201302160516
201302160437
201302150302
201302141313
201302131008
201302122332
201302120123
201302112009
201302110940
201302102325
201302101954
201302101839
201302100937
201302100130
201302092309
201302092102
201302091416
201302090804
201302090532
201302081807
201302081759
201302081526
201302081500
201302081112
201302080909
201302080426
201302071948
201302071859
201302070803
201302070719
201302070030
201302062220
201302061354
201302061244
201302061154
201302061124
201302061103
201302061033
201302061020
201302060653
201302060635
201302060349
201302060301
201302060258
201302060230
201302060159
201302060157
201302060154
201302060148
201302060136
201302060133
201302060131
201302060129
201302060123
201302060122
201302060116
201302060112
201302060007
201302051909
201302031115
201302021858
201302021831
201302021417
201302020416
201302012218
201302012216
201302010536
201302010533
201302010217
201302010043
201301310953
201301310518
201301310431
201301310357
201301310333
201301302303
201301302015
201301281638
201301270959
201301230742
201301220840
201301212222
201301202332
201301201048
201301181242
201301151609
201301141455
201301131628
201301101347
201301092146
201301090141
201301082126
201301081416
201301080751
201301051742
201301050858
201212301221
201212291750
201212291459
201212290759
201212290756
201212281732
201212270942
201212270037
201212231331
201212221641
201212212228
201212171746
201212171741
201212170916
201212170028
201212151930
201212150449
201212141652
201212141036
201212132303
201212120144
201212110618
201212101653
201212092145
201212081635
201212071950
201212071819
201212070848
201212070831
201212070818
201212060043
201212051708
201212040142
201212030927
201212020054
201211301120
201211291110
201211290811
201211290030
201211280856
201211280309
201211270734
201211270259
201211260017
201211221307
201211212136
201211190944
201211170513
201211170251
201211161812
201211160624
201211151122
201211150920
201211150821
201211142341
201211141902
201211140521
201211132323
201211130455
201211130431
201211122042
201211121447
201211121115
201211112215
201211111819
201211111054
201211110112
201211101457
201211080201
201211072342
201211072242
201211071635
201211070626
201211061420
201211061109
201211060617
201211060142
201211060138
201211060136
201211050430
201211040637
201211032049
201211031258
201211021817
201211020152
201211020122
201211012337
201211011412
201210300712
201210300249
201210291529
201210290628
201210281910
201210281903
201210281854
201210280304
201210251840
201210251032
201210240045
201210230939
201210230933
201210230853
201210212028
201210210125
201210202300
201210191013
201210180127
201210170442
201210162342
201210161241
201210151752
201210150119
201210141109
201210141013
201210140942
201210140458
201210120031
201210111722
201210091752
201210091232
201210090749
201210090714
201210081143
201210080626
201210080150
201210070314
201210052002
201210051822
201210050019
201210042314
201210031332
201210021941
201210012221
201210011732
201209301631
201209272353
201209262339
201209252345
201209250306
201209241031
201209221230
201209220658
201209202103
