201310050000
201310040000
201310030000
201310020000
201310050000
201310040000
201310030000
201310020000
201310030000
201310020000
201310010000
201309300000
201310010000
201309300000
201309290000
201309280000
201309300000
201309290000
201309280000
201309270000
201309290000
201309280000
201309270000
201309260000
201309290000
201309280000
201309270000
201309260000
201309280000
201309270000
201309260000
201309250000
201309270000
201309260000
201309250000
201309240000
201309270000
201309260000
201309250000
201309240000
201309250000
201309240000
201309230000
201309220000
201309240000
201309230000
201309220000
201309210000
201309240000
201309230000
201309220000
201309210000
201309240000
201309230000
201309220000
201309210000
201309240000
201309230000
201309220000
201309210000
201309230000
201309220000
201309210000
201309200000
201309230000
201309220000
201309210000
201309200000
201309230000
201309220000
201309210000
201309200000
201309230000
201309220000
201309210000
201309200000
201309230000
201309220000
201309210000
201309200000
201309220000
201309210000
201309200000
201309190000
201309200000
201309190000
201309180000
201309170000
201309200000
201309190000
201309180000
201309170000
201309190000
201309180000
201309170000
201309160000
201309190000
201309180000
201309170000
201309160000
201309180000
201309170000
201309160000
201309150000
201309170000
201309160000
201309150000
201309140000
201309170000
201309160000
201309150000
201309140000
201309150000
201309140000
201309130000
201309120000
201309140000
201309130000
201309120000
201309110000
201309130000
201309120000
201309110000
201309100000
201309100000
201309090000
201309080000
201309070000
201309080000
201309070000
201309060000
201309050000
201309060000
201309050000
201309040000
201309030000
201309050000
201309040000
201309030000
201309020000
201309050000
201309040000
201309030000
201309020000
201309040000
201309030000
201309020000
201309010000
201309040000
201309030000
201309020000
201309010000
201309040000
201309030000
201309020000
201309010000
201309030000
201309020000
201309010000
201308310000
201309030000
201309020000
201309010000
201308310000
201309030000
201309020000
201309010000
201308310000
201309030000
201309020000
201309010000
201308310000
201309030000
201309020000
201309010000
201308310000
201309030000
201309020000
201309010000
201308310000
201309020000
201309010000
201308310000
201308300000
201309010000
201308310000
201308300000
201308290000
201309010000
201308310000
201308300000
201308290000
201308310000
201308300000
201308290000
201308280000
201308310000
201308300000
201308290000
201308280000
201308300000
201308290000
201308280000
201308270000
201308300000
201308290000
201308280000
201308270000
201308300000
201308290000
201308280000
201308270000
201308300000
201308290000
201308280000
201308270000
201308290000
201308280000
201308270000
201308260000
201308290000
201308280000
201308270000
201308260000
201308290000
201308280000
201308270000
201308260000
201308280000
201308270000
201308260000
201308250000
201308270000
201308260000
201308250000
201308240000
201308240000
201308230000
201308220000
201308210000
201308230000
201308220000
201308210000
201308200000
201308220000
201308210000
201308200000
201308190000
201308200000
201308190000
201308180000
201308170000
201308200000
201308190000
201308180000
201308170000
201308170000
201308160000
201308150000
201308140000
201308160000
201308150000
201308140000
201308130000
201308150000
201308140000
201308130000
201308120000
201308150000
201308140000
201308130000
201308120000
201308150000
201308140000
201308130000
201308120000
201308150000
201308140000
201308130000
201308120000
201308120000
201308110000
201308100000
201308090000
201308110000
201308100000
201308090000
201308080000
201308110000
201308100000
201308090000
201308080000
201308110000
201308100000
201308090000
201308080000
201308110000
201308100000
201308090000
201308080000
201308100000
201308090000
201308080000
201308070000
201308070000
201308060000
201308050000
201308040000
201308050000
201308040000
201308030000
201308020000
201308050000
201308040000
201308030000
201308020000
201308050000
201308040000
201308030000
201308020000
201308050000
201308040000
201308030000
201308020000
201308030000
201308020000
201308010000
201307310000
201308030000
201308020000
201308010000
201307310000
201308030000
201308020000
201308010000
201307310000
201307310000
201307300000
201307290000
201307280000
201307280000
201307270000
201307260000
201307250000
201307250000
201307240000
201307230000
201307220000
201307250000
201307240000
201307230000
201307220000
201307230000
201307220000
201307210000
201307200000
201307210000
201307200000
201307190000
201307180000
201307200000
201307190000
201307180000
201307170000
201307200000
201307190000
201307180000
201307170000
201307190000
201307180000
201307170000
201307160000
201307180000
201307170000
201307160000
201307150000
201307180000
201307170000
201307160000
201307150000
201307160000
201307150000
201307140000
201307130000
201307150000
201307140000
201307130000
201307120000
201307150000
201307140000
201307130000
201307120000
201307140000
201307130000
201307120000
201307110000
201307140000
201307130000
201307120000
201307110000
201307090000
201307080000
201307070000
201307060000
201307090000
201307080000
201307070000
201307060000
201307090000
201307080000
201307070000
201307060000
201307080000
201307070000
201307060000
201307050000
201307070000
201307060000
201307050000
201307040000
201307070000
201307060000
201307050000
201307040000
201307070000
201307060000
201307050000
201307040000
201307060000
201307050000
201307040000
201307030000
201307060000
201307050000
201307040000
201307030000
201307060000
201307050000
201307040000
201307030000
201307050000
201307040000
201307030000
201307020000
201307030000
201307020000
201307010000
201306300000
201307020000
201307010000
201306300000
201306290000
201307020000
201307010000
201306300000
201306290000
201307010000
201306300000
201306290000
201306280000
201307010000
201306300000
201306290000
201306280000
201307010000
201306300000
201306290000
201306280000
201307010000
201306300000
201306290000
201306280000
201307010000
201306300000
201306290000
201306280000
201306270000
201306260000
201306250000
201306240000
201306260000
201306250000
201306240000
201306230000
201306250000
201306240000
201306230000
201306220000
201306230000
201306220000
201306210000
201306200000
201306230000
201306220000
201306210000
201306200000
201306230000
201306220000
201306210000
201306200000
201306160000
201306150000
201306140000
201306130000
201306150000
201306140000
201306130000
201306120000
201306150000
201306140000
201306130000
201306120000
201306150000
201306140000
201306130000
201306120000
201306150000
201306140000
201306130000
201306120000
201306140000
201306130000
201306120000
201306110000
201306140000
201306130000
201306120000
201306110000
201306140000
201306130000
201306120000
201306110000
201306120000
201306110000
201306100000
201306090000
201306120000
201306110000
201306100000
201306090000
201306120000
201306110000
201306100000
201306090000
201306070000
201306060000
201306050000
201306040000
201306060000
201306050000
201306040000
201306030000
201306060000
201306050000
201306040000
201306030000
201306060000
201306050000
201306040000
201306030000
201306040000
201306030000
201306020000
201306010000
201306030000
201306020000
201306010000
201305310000
201306030000
201306020000
201306010000
201305310000
201306010000
201305310000
201305300000
201305290000
201306010000
201305310000
201305300000
201305290000
201306010000
201305310000
201305300000
201305290000
201305310000
201305300000
201305290000
201305280000
201305310000
201305300000
201305290000
201305280000
201305260000
201305250000
201305240000
201305230000
201305260000
201305250000
201305240000
201305230000
201305260000
201305250000
201305240000
201305230000
201305250000
201305240000
201305230000
201305220000
201305240000
201305230000
201305220000
201305210000
201305240000
201305230000
201305220000
201305210000
201305230000
201305220000
201305210000
201305200000
201305230000
201305220000
201305210000
201305200000
201305230000
201305220000
201305210000
201305200000
201305230000
201305220000
201305210000
201305200000
201305230000
201305220000
201305210000
201305200000
201305230000
201305220000
201305210000
201305200000
201305220000
201305210000
201305200000
201305190000
201305220000
201305210000
201305200000
201305190000
201305200000
201305190000
201305180000
201305170000
201305200000
201305190000
201305180000
201305170000
201305200000
201305190000
201305180000
201305170000
201305200000
201305190000
201305180000
201305170000
201305200000
201305190000
201305180000
201305170000
201305200000
201305190000
201305180000
201305170000
201305200000
201305190000
201305180000
201305170000
201305200000
201305190000
201305180000
201305170000
201305190000
201305180000
201305170000
201305160000
201305190000
201305180000
201305170000
201305160000
201305180000
201305170000
201305160000
201305150000
201305180000
201305170000
201305160000
201305150000
201305180000
201305170000
201305160000
201305150000
201305170000
201305160000
201305150000
201305140000
201305170000
201305160000
201305150000
201305140000
201305170000
201305160000
201305150000
201305140000
201305170000
201305160000
201305150000
201305140000
201305160000
201305150000
201305140000
201305130000
201305150000
201305140000
201305130000
201305120000
201305140000
201305130000
201305120000
201305110000
201305130000
201305120000
201305110000
201305100000
201305130000
201305120000
201305110000
201305100000
201305110000
201305100000
201305090000
201305080000
201305110000
201305100000
201305090000
201305080000
201305110000
201305100000
201305090000
201305080000
201305110000
201305100000
201305090000
201305080000
201305100000
201305090000
201305080000
201305070000
201305100000
201305090000
201305080000
201305070000
201305100000
201305090000
201305080000
201305070000
201305090000
201305080000
201305070000
201305060000
201305060000
201305050000
201305040000
201305030000
201305030000
201305020000
201305010000
201304300000
201305010000
201304300000
201304290000
201304280000
201304300000
201304290000
201304280000
201304270000
201304300000
201304290000
201304280000
201304270000
201304290000
201304280000
201304270000
201304260000
201304290000
201304280000
201304270000
201304260000
201304280000
201304270000
201304260000
201304250000
201304250000
201304240000
201304230000
201304220000
201304230000
201304220000
201304210000
201304200000
201304220000
201304210000
201304200000
201304190000
201304210000
201304200000
201304190000
201304180000
201304210000
201304200000
201304190000
201304180000
201304200000
201304190000
201304180000
201304170000
201304200000
201304190000
201304180000
201304170000
201304190000
201304180000
201304170000
201304160000
201304190000
201304180000
201304170000
201304160000
201304190000
201304180000
201304170000
201304160000
201304190000
201304180000
201304170000
201304160000
201304190000
201304180000
201304170000
201304160000
201304180000
201304170000
201304160000
201304150000
201304180000
201304170000
201304160000
201304150000
201304180000
201304170000
201304160000
201304150000
201304170000
201304160000
201304150000
201304140000
201304170000
201304160000
201304150000
201304140000
201304160000
201304150000
201304140000
201304130000
201304160000
201304150000
201304140000
201304130000
201304160000
201304150000
201304140000
201304130000
201304160000
201304150000
201304140000
201304130000
201304150000
201304140000
201304130000
201304120000
201304150000
201304140000
201304130000
201304120000
201304150000
201304140000
201304130000
201304120000
201304130000
201304120000
201304110000
201304100000
201304120000
201304110000
201304100000
201304090000
201304110000
201304100000
201304090000
201304080000
201304100000
201304090000
201304080000
201304070000
201304090000
201304080000
201304070000
201304060000
201304090000
201304080000
201304070000
201304060000
201304080000
201304070000
201304060000
201304050000
201304050000
201304040000
201304030000
201304020000
201304050000
201304040000
201304030000
201304020000
201304050000
201304040000
201304030000
201304020000
201304040000
201304030000
201304020000
201304010000
201304040000
201304030000
201304020000
201304010000
201304040000
201304030000
201304020000
201304010000
201304010000
201303310000
201303300000
201303290000
201304010000
201303310000
201303300000
201303290000
201303310000
201303300000
201303290000
201303280000
201303300000
201303290000
201303280000
201303270000
201303290000
201303280000
201303270000
201303260000
201303280000
201303270000
201303260000
201303250000
201303270000
201303260000
201303250000
201303240000
201303260000
201303250000
201303240000
201303230000
201303240000
201303230000
201303220000
201303210000
201303230000
201303220000
201303210000
201303200000
201303230000
201303220000
201303210000
201303200000
201303210000
201303200000
201303190000
201303180000
201303180000
201303170000
201303160000
201303150000
201303150000
201303140000
201303130000
201303120000
201303120000
201303110000
201303100000
201303090000
201303100000
201303090000
201303080000
201303070000
201303100000
201303090000
201303080000
201303070000
201303090000
201303080000
201303070000
201303060000
201303090000
201303080000
201303070000
201303060000
201303090000
201303080000
201303070000
201303060000
201303080000
201303070000
201303060000
201303050000
201303060000
201303050000
201303040000
201303030000
201303060000
201303050000
201303040000
201303030000
201303050000
201303040000
201303030000
201303020000
201303040000
201303030000
201303020000
201303010000
201303020000
201303010000
201302280000
201302270000
201302280000
201302270000
201302260000
201302250000
201302280000
201302270000
201302260000
201302250000
201302280000
201302270000
201302260000
201302250000
201302270000
201302260000
201302250000
201302240000
201302270000
201302260000
201302250000
201302240000
201302270000
201302260000
201302250000
201302240000
201302250000
201302240000
201302230000
201302220000
201302240000
201302230000
201302220000
201302210000
201302240000
201302230000
201302220000
201302210000
201302240000
201302230000
201302220000
201302210000
201302230000
201302220000
201302210000
201302200000
201302220000
201302210000
201302200000
201302190000
201302220000
201302210000
201302200000
201302190000
201302220000
201302210000
201302200000
201302190000
201302210000
201302200000
201302190000
201302180000
201302200000
201302190000
201302180000
201302170000
201302190000
201302180000
201302170000
201302160000
201302190000
201302180000
201302170000
201302160000
201302180000
201302170000
201302160000
201302150000
201302180000
201302170000
201302160000
201302150000
201302170000
201302160000
201302150000
201302140000
201302170000
201302160000
201302150000
201302140000
201302170000
201302160000
201302150000
201302140000
201302160000
201302150000
201302140000
201302130000
201302160000
201302150000
201302140000
201302130000
201302150000
201302140000
201302130000
201302120000
201302150000
201302140000
201302130000
201302120000
201302140000
201302130000
201302120000
201302110000
201302130000
201302120000
201302110000
201302100000
201302120000
201302110000
201302100000
201302090000
201302110000
201302100000
201302090000
201302080000
201302110000
201302100000
201302090000
201302080000
201302100000
201302090000
201302080000
201302070000
201302100000
201302090000
201302080000
201302070000
201302090000
201302080000
201302070000
201302060000
201302090000
201302080000
201302070000
201302060000
201302090000
201302080000
201302070000
201302060000
201302090000
201302080000
201302070000
201302060000
201302090000
201302080000
201302070000
201302060000
201302080000
201302070000
201302060000
201302050000
201302080000
201302070000
201302060000
201302050000
201302080000
201302070000
201302060000
201302050000
201302080000
201302070000
201302060000
201302050000
201302080000
201302070000
201302060000
201302050000
201302070000
201302060000
201302050000
201302040000
201302070000
201302060000
201302050000
201302040000
201302070000
201302060000
201302050000
201302040000
201302070000
201302060000
201302050000
201302040000
201302070000
201302060000
201302050000
201302040000
201302070000
201302060000
201302050000
201302040000
201302070000
201302060000
201302050000
201302040000
201302060000
201302050000
201302040000
201302030000
201302060000
201302050000
201302040000
201302030000
201302060000
201302050000
201302040000
201302030000
201302060000
201302050000
201302040000
201302030000
201302060000
201302050000
201302040000
201302030000
201302050000
201302040000
201302030000
201302020000
201302050000
201302040000
201302030000
201302020000
201302050000
201302040000
201302030000
201302020000
201302050000
201302040000
201302030000
201302020000
201302050000
201302040000
201302030000
201302020000
201302050000
201302040000
201302030000
201302020000
201302050000
201302040000
201302030000
201302020000
201302050000
201302040000
201302030000
201302020000
201302050000
201302040000
201302030000
201302020000
201302050000
201302040000
201302030000
201302020000
201302050000
201302040000
201302030000
201302020000
201302050000
201302040000
201302030000
201302020000
201302050000
201302040000
201302030000
201302020000
201302050000
201302040000
201302030000
201302020000
201302050000
201302040000
201302030000
201302020000
201302050000
201302040000
201302030000
201302020000
201302050000
201302040000
201302030000
201302020000
201302050000
201302040000
201302030000
201302020000
201302050000
201302040000
201302030000
201302020000
201302050000
201302040000
201302030000
201302020000
201302050000
201302040000
201302030000
201302020000
201302050000
201302040000
201302030000
201302020000
201302050000
201302040000
201302030000
201302020000
201302050000
201302040000
201302030000
201302020000
201302050000
201302040000
201302030000
201302020000
201302050000
201302040000
201302030000
201302020000
201302050000
201302040000
201302030000
201302020000
201302040000
201302030000
201302020000
201302010000
201302020000
201302010000
201301310000
201301300000
201302010000
201301310000
201301300000
201301290000
201302010000
201301310000
201301300000
201301290000
201302010000
201301310000
201301300000
201301290000
201302010000
201301310000
201301300000
201301290000
201301310000
201301300000
201301290000
201301280000
201301310000
201301300000
201301290000
201301280000
201301310000
201301300000
201301290000
201301280000
201301310000
201301300000
201301290000
201301280000
201301310000
201301300000
201301290000
201301280000
201301310000
201301300000
201301290000
201301280000
201301300000
201301290000
201301280000
201301270000
201301300000
201301290000
201301280000
201301270000
201301300000
201301290000
201301280000
201301270000
201301300000
201301290000
201301280000
201301270000
201301300000
201301290000
201301280000
201301270000
201301290000
201301280000
201301270000
201301260000
201301290000
201301280000
201301270000
201301260000
201301270000
201301260000
201301250000
201301240000
201301260000
201301250000
201301240000
201301230000
201301220000
201301210000
201301200000
201301190000
201301210000
201301200000
201301190000
201301180000
201301200000
201301190000
201301180000
201301170000
201301190000
201301180000
201301170000
201301160000
201301190000
201301180000
201301170000
201301160000
201301170000
201301160000
201301150000
201301140000
201301140000
201301130000
201301120000
201301110000
201301130000
201301120000
201301110000
201301100000
201301120000
201301110000
201301100000
201301090000
201301090000
201301080000
201301070000
201301060000
201301080000
201301070000
201301060000
201301050000
201301080000
201301070000
201301060000
201301050000
201301070000
201301060000
201301050000
201301040000
201301070000
201301060000
201301050000
201301040000
201301070000
201301060000
201301050000
201301040000
201301040000
201301030000
201301020000
201301010000
201301040000
201301030000
201301020000
201301010000
201212290000
201212280000
201212270000
201212260000
201212280000
201212270000
201212260000
201212250000
201212280000
201212270000
201212260000
201212250000
201212280000
201212270000
201212260000
201212250000
201212280000
201212270000
201212260000
201212250000
201212270000
201212260000
201212250000
201212240000
201212260000
201212250000
201212240000
201212230000
201212260000
201212250000
201212240000
201212230000
201212220000
201212210000
201212200000
201212190000
201212210000
201212200000
201212190000
201212180000
201212200000
201212190000
201212180000
201212170000
201212160000
201212150000
201212140000
201212130000
201212160000
201212150000
201212140000
201212130000
201212160000
201212150000
201212140000
201212130000
201212160000
201212150000
201212140000
201212130000
201212140000
201212130000
201212120000
201212110000
201212140000
201212130000
201212120000
201212110000
201212130000
201212120000
201212110000
201212100000
201212130000
201212120000
201212110000
201212100000
201212120000
201212110000
201212100000
201212090000
201212110000
201212100000
201212090000
201212080000
201212100000
201212090000
201212080000
201212070000
201212090000
201212080000
201212070000
201212060000
201212080000
201212070000
201212060000
201212050000
201212070000
201212060000
201212050000
201212040000
201212060000
201212050000
201212040000
201212030000
201212060000
201212050000
201212040000
201212030000
201212060000
201212050000
201212040000
201212030000
201212060000
201212050000
201212040000
201212030000
201212060000
201212050000
201212040000
201212030000
201212050000
201212040000
201212030000
201212020000
201212040000
201212030000
201212020000
201212010000
201212030000
201212020000
201212010000
201211300000
201212020000
201212010000
201211300000
201211290000
201212010000
201211300000
201211290000
201211280000
201211290000
201211280000
201211270000
201211260000
201211280000
201211270000
201211260000
201211250000
201211280000
201211270000
201211260000
201211250000
201211280000
201211270000
201211260000
201211250000
201211270000
201211260000
201211250000
201211240000
201211270000
201211260000
201211250000
201211240000
201211260000
201211250000
201211240000
201211230000
201211260000
201211250000
201211240000
201211230000
201211250000
201211240000
201211230000
201211220000
201211210000
201211200000
201211190000
201211180000
201211200000
201211190000
201211180000
201211170000
201211180000
201211170000
201211160000
201211150000
201211160000
201211150000
201211140000
201211130000
201211160000
201211150000
201211140000
201211130000
201211150000
201211140000
201211130000
201211120000
201211150000
201211140000
201211130000
201211120000
201211140000
201211130000
201211120000
201211110000
201211140000
201211130000
201211120000
201211110000
201211140000
201211130000
201211120000
201211110000
201211130000
201211120000
201211110000
201211100000
201211130000
201211120000
201211110000
201211100000
201211130000
201211120000
201211110000
201211100000
201211120000
201211110000
201211100000
201211090000
201211120000
201211110000
201211100000
201211090000
201211120000
201211110000
201211100000
201211090000
201211110000
201211100000
201211090000
201211080000
201211110000
201211100000
201211090000
201211080000
201211110000
201211100000
201211090000
201211080000
201211100000
201211090000
201211080000
201211070000
201211100000
201211090000
201211080000
201211070000
201211100000
201211090000
201211080000
201211070000
201211100000
201211090000
201211080000
201211070000
201211090000
201211080000
201211070000
201211060000
201211070000
201211060000
201211050000
201211040000
201211060000
201211050000
201211040000
201211030000
201211060000
201211050000
201211040000
201211030000
201211060000
201211050000
201211040000
201211030000
201211060000
201211050000
201211040000
201211030000
201211050000
201211040000
201211030000
201211020000
201211050000
201211040000
201211030000
201211020000
201211050000
201211040000
201211030000
201211020000
201211050000
201211040000
201211030000
201211020000
201211050000
201211040000
201211030000
201211020000
201211050000
201211040000
201211030000
201211020000
201211040000
201211030000
201211020000
201211010000
201211030000
201211020000
201211010000
201210310000
201211020000
201211010000
201210310000
201210300000
201211020000
201211010000
201210310000
201210300000
201211010000
201210310000
201210300000
201210290000
201211010000
201210310000
201210300000
201210290000
201211010000
201210310000
201210300000
201210290000
201210310000
201210300000
201210290000
201210280000
201210310000
201210300000
201210290000
201210280000
201210290000
201210280000
201210270000
201210260000
201210290000
201210280000
201210270000
201210260000
201210280000
201210270000
201210260000
201210250000
201210280000
201210270000
201210260000
201210250000
201210270000
201210260000
201210250000
201210240000
201210270000
201210260000
201210250000
201210240000
201210270000
201210260000
201210250000
201210240000
201210270000
201210260000
201210250000
201210240000
201210240000
201210230000
201210220000
201210210000
201210240000
201210230000
201210220000
201210210000
201210230000
201210220000
201210210000
201210200000
201210220000
201210210000
201210200000
201210190000
201210220000
201210210000
201210200000
201210190000
201210220000
201210210000
201210200000
201210190000
201210200000
201210190000
201210180000
201210170000
201210200000
201210190000
201210180000
201210170000
201210190000
201210180000
201210170000
201210160000
201210180000
201210170000
201210160000
201210150000
201210170000
201210160000
201210150000
201210140000
201210160000
201210150000
201210140000
201210130000
201210150000
201210140000
201210130000
201210120000
201210150000
201210140000
201210130000
201210120000
201210140000
201210130000
201210120000
201210110000
201210140000
201210130000
201210120000
201210110000
201210130000
201210120000
201210110000
201210100000
201210130000
201210120000
201210110000
201210100000
201210130000
201210120000
201210110000
201210100000
201210130000
201210120000
201210110000
201210100000
201210110000
201210100000
201210090000
201210080000
201210100000
201210090000
201210080000
201210070000
201210080000
201210070000
201210060000
201210050000
201210080000
201210070000
201210060000
201210050000
201210080000
201210070000
201210060000
201210050000
201210080000
201210070000
201210060000
201210050000
201210070000
201210060000
201210050000
201210040000
201210070000
201210060000
201210050000
201210040000
201210070000
201210060000
201210050000
201210040000
201210060000
201210050000
201210040000
201210030000
201210040000
201210030000
201210020000
201210010000
201210040000
201210030000
201210020000
201210010000
201210040000
201210030000
201210020000
201210010000
201210030000
201210020000
201210010000
201209300000
201210020000
201210010000
201209300000
201209290000
201210010000
201209300000
201209290000
201209280000
201209300000
201209290000
201209280000
201209270000
201209300000
201209290000
201209280000
201209270000
201209290000
201209280000
201209270000
201209260000
201209260000
201209250000
201209240000
201209230000
201209250000
201209240000
201209230000
201209220000
201209240000
201209230000
201209220000
201209210000
201209240000
201209230000
201209220000
201209210000
201209230000
201209220000
201209210000
201209200000
201209210000
201209200000
201209190000
201209180000
201209210000
201209200000
201209190000
201209180000
201209190000
201209180000
201209170000
201209160000
