BB030  42.9473  -126.9336  0
BB060  42.8561  -126.1133  0
BB070  43.3068  -126.0068  0
BB090  43.3736  -126.6603  0
BB120  43.9786  -127.2957  0
BB130  43.6388  -127.4713  0
BB140  43.4236  -127.6894  0
BB150  43.3147  -127.3500  0
BB170  43.1429  -127.7774  0
BB180  42.8682  -128.3050  0
BB200  43.4890  -127.9580  0
BB230  43.5660  -128.2584  0
BB240  43.4275  -128.3557  0
BB260  43.6233  -128.8630  0
BB290  43.6264  -128.5144  0
BB300  43.8389  -128.3178  0
BB320  44.1708  -128.7077  0
BB330  44.6145  -128.6004  0
BB350  43.9870  -129.0756  0
BB370  43.7802  -129.3389  0
BB390  43.9851  -129.6809  0
BB410  43.9307  -129.9983  0
BB420  43.6297  -130.2082  0
BB440  44.2111  -130.4581  0
BB450  44.2255  -130.7661  0
BB480  44.3489  -130.0212  0
BB510  44.3107  -129.3370  0
BB530  44.5461  -129.8200  0
BB540  44.5941  -130.1909  0
BB550  44.6772  -130.6202  0
J28B   45.0631  -127.1552  0
J27B   44.8476  -126.3069  0
J23B   44.8459  -129.6821  0
J20B   44.3542  -127.0952  0
J19B   44.1777  -126.2717  0
J11B   43.5414  -126.3673  0
J10B   43.3494  -125.5435  0
J06B   43.2652  -128.7997  0
G37B   42.5913  -127.7213  0
G35B   42.5658  -126.0558  0
G30B   41.9565  -128.3198  0
G29B   41.9772  -127.4834  0
G28B   41.9428  -126.7339  0
G27B   41.9166  -126.0167  0
